Descriptive Statistics:
Count: 12767
Mean: 2.474673954997149e+20
Median: 2.4664097307429e+20
Mode: 1.57638329490099e+20
Standard Deviation: 1.4461131060123312e+20
Variance: 2.091243115380632e+40
Tiempo transcurrido: 0.009102106094360352 segundos